      0/99      1.6G   0.07032   0.04669    0.0316    0.1486       368       640    0.1266    0.2261   0.07456   0.02604   0.08622   0.06887   0.03511
      1/99     8.11G    0.0539   0.04044   0.02849    0.1228       149       640    0.3444     0.227    0.0865    0.0284   0.09138   0.05373   0.03247
      2/99     11.4G   0.04724   0.04441   0.02746    0.1191       454       640    0.4786    0.2565    0.1721   0.07801   0.07698   0.05556      0.03
      3/99     11.4G   0.04147   0.04628   0.02523     0.113       183       640    0.6795    0.2755    0.2308    0.1239   0.06342   0.06533   0.02877
      4/99     11.4G   0.03738   0.04934   0.02304    0.1098       210       640    0.7154    0.3315    0.3366    0.1503   0.06995   0.06138   0.02746
      5/99     11.4G   0.03695   0.04631   0.02043    0.1037       275       640    0.7191    0.4613      0.47     0.346   0.05208   0.06519   0.02486
      6/99     11.4G   0.03214   0.04801     0.016   0.09614       282       640    0.8636    0.4827    0.5376    0.4262   0.04281   0.07091   0.02246
      7/99     11.4G   0.03063   0.04723   0.01294   0.09079       302       640    0.8613    0.4904    0.5602    0.4608   0.04726    0.0757    0.0213
      8/99     11.4G   0.03145   0.04305   0.01168   0.08618       380       640    0.9203    0.5022    0.6037    0.4707   0.04382   0.08178   0.02008
      9/99     11.4G   0.02879   0.04384   0.01051   0.08314       240       640    0.9191       0.5    0.6671    0.5274   0.03941   0.08586   0.01964
     10/99     11.4G   0.02739   0.04366  0.009521   0.08058       350       640    0.6327    0.6842    0.6863    0.5537   0.03807   0.08431   0.01906
     11/99     11.4G   0.02604   0.04262  0.008886   0.07755       266       640    0.7509    0.6902     0.731    0.6033   0.03718   0.08486   0.01847
     12/99     11.4G   0.02522   0.04287  0.008356   0.07645       256       640    0.7528    0.6931    0.7283    0.6022   0.03551   0.08892   0.01785
     13/99     11.4G    0.0247   0.04165   0.00794   0.07429       198       640    0.8423    0.6807    0.7454     0.615   0.03567   0.08642   0.01746
     14/99     11.4G   0.02408     0.041  0.007492   0.07258       318       640    0.9214    0.6817    0.7751    0.6515    0.0355    0.0879   0.01702
     15/99     11.4G   0.02362    0.0402  0.007048   0.07086       298       640    0.8693    0.6972    0.7724    0.6482   0.03644   0.08773   0.01704
     16/99     11.4G   0.02342   0.03939  0.006874   0.06968       258       640    0.8778    0.7173    0.7789    0.6608   0.03528   0.08963   0.01681
     17/99     11.4G   0.02249   0.04037  0.006682   0.06955       297       640    0.8883    0.6998    0.7783    0.6486   0.03437   0.08813   0.01681
     18/99     11.4G    0.0226   0.03905  0.006475   0.06813       234       640    0.9349    0.6897    0.7915    0.6479   0.03574   0.09277   0.01648
     19/99     11.4G   0.02229   0.03769  0.006424   0.06641       112       640    0.8092    0.7321    0.7825    0.6548   0.03494   0.09446   0.01589
     20/99     11.4G   0.02229    0.0375   0.00612   0.06591       258       640    0.8911    0.7063    0.7939    0.6793   0.03507   0.09286   0.01606
     21/99     11.4G   0.02157   0.03704  0.005922   0.06453       371       640    0.9109    0.7247    0.8009    0.6751   0.03412   0.09495   0.01593
     22/99     11.4G   0.02204   0.03737  0.005732   0.06515       203       640    0.9148    0.7101    0.7956    0.6734   0.03538   0.09542   0.01564
     23/99     11.4G    0.0212   0.03759    0.0059   0.06469       408       640     0.895    0.7116     0.792    0.6756   0.03361   0.09375   0.01567
     24/99     11.4G   0.02113   0.03752  0.005671   0.06431       310       640    0.9007    0.7015    0.7869     0.672   0.03395    0.0978    0.0158
     25/99     11.4G    0.0209   0.03605  0.005461   0.06242       170       640    0.8958    0.7126    0.7936    0.6717   0.03508   0.09447   0.01551
     26/99     11.4G   0.02106   0.03584  0.005483   0.06238       206       640    0.9421    0.6832    0.7929    0.6759   0.03437   0.09655    0.0159
     27/99     11.4G   0.02057   0.03583  0.005302    0.0617       334       640    0.8914    0.7268    0.7984    0.6814   0.03385   0.09893   0.01589
     28/99     11.4G   0.02048   0.03592   0.00525   0.06166       221       640    0.8903    0.7179    0.7977    0.6821   0.03475    0.1008   0.01556
     29/99     11.4G   0.02009   0.03446   0.00503   0.05958       235       640    0.8883    0.7388     0.802    0.6896   0.03441   0.09608   0.01623
     30/99     11.4G   0.02005   0.03454  0.004813    0.0594       287       640    0.8958    0.7266    0.8083     0.693   0.03441    0.1025   0.01542
     31/99     11.4G   0.02006   0.03468  0.004828   0.05957       261       640    0.8897    0.7485    0.7993    0.6888   0.03452    0.1032   0.01566
     32/99     11.4G   0.02003    0.0347  0.004934   0.05966       252       640     0.888    0.7292    0.8036     0.691   0.03419    0.1038   0.01547
     33/99     11.4G    0.0201   0.03497   0.00485   0.05991       193       640    0.9043    0.7212    0.8049    0.6749   0.03484    0.1037   0.01608
     34/99     11.4G   0.01994   0.03406  0.004811   0.05881       337       640    0.9041    0.7179    0.7993    0.6949   0.03468    0.1047   0.01619
     35/99     11.4G   0.01947   0.03359  0.004588   0.05764       303       640    0.8689    0.7357    0.8043    0.6954   0.03439    0.1053   0.01612
     36/99     11.4G   0.01928    0.0329  0.004512   0.05669       196       640    0.9316    0.6995    0.8027    0.6961   0.03505    0.1034   0.01596
     37/99     11.4G   0.01931   0.03234   0.00455    0.0562       206       640    0.9402    0.7142    0.8099    0.7071   0.03475     0.104   0.01581
     38/99     11.4G   0.01951   0.03256  0.004471   0.05654       179       640    0.8876    0.7427    0.8053    0.6975   0.03402    0.1047   0.01557
     39/99     11.4G   0.01898   0.03305  0.004528   0.05656       267       640    0.9086    0.7334    0.8052    0.7085   0.03417    0.1078   0.01534
     40/99     11.4G   0.01889   0.03131  0.004429   0.05463       290       640    0.9107    0.7255    0.8028    0.7034   0.03402    0.1105   0.01577
     41/99     11.4G   0.01877   0.03226  0.004408   0.05543       196       640    0.9201    0.7204    0.7956    0.6996   0.03392    0.1102   0.01565
     42/99     11.4G   0.01839   0.03219  0.004296   0.05487       224       640    0.9394    0.7264    0.8032    0.7003   0.03476    0.1096   0.01552
     43/99     11.4G   0.01851   0.03134  0.004168   0.05402       230       640    0.9183    0.7272    0.8058    0.7068   0.03457    0.1086   0.01579
     44/99     11.4G   0.01834   0.03158  0.004128   0.05405       267       640    0.9176    0.7381    0.8037     0.704   0.03407    0.1084   0.01561
     45/99     11.4G   0.01809   0.03128  0.004092   0.05346       178       640    0.9298    0.7204    0.8049    0.7067    0.0352    0.1108   0.01587
     46/99     11.4G    0.0182   0.03129  0.003972   0.05345       348       640     0.921    0.7316    0.8077    0.7082   0.03504    0.1123    0.0157
     47/99     11.4G   0.01842   0.03226  0.004094   0.05477       377       640    0.8835    0.7326    0.8007     0.703     0.035    0.1123   0.01573
     48/99     11.4G   0.01782   0.03082   0.00393   0.05257       359       640    0.9336    0.7321    0.8039    0.7102    0.0344    0.1124    0.0159
     49/99     11.4G   0.01794   0.03001  0.003919   0.05186       242       640    0.8842    0.7373    0.8073    0.7111   0.03478    0.1127   0.01631
     50/99     11.4G   0.01771    0.0312  0.003684   0.05259       351       640    0.8915    0.7501    0.8028    0.7095   0.03467    0.1154   0.01591
     51/99     11.4G   0.01765   0.03087  0.003775    0.0523       295       640    0.9583    0.7031    0.8086    0.7182   0.03483    0.1157   0.01593
     52/99     11.4G   0.01754   0.03009  0.003767   0.05139       152       640    0.9014    0.7517    0.8066    0.7197   0.03478    0.1204   0.01554
     53/99     11.4G   0.01791   0.03006  0.003904   0.05188       423       640    0.8964     0.741    0.8002    0.7105   0.03528     0.114   0.01595
     54/99     11.4G   0.01741     0.029  0.003745   0.05016       300       640    0.9419    0.7315    0.8093    0.7193   0.03456    0.1185   0.01565
     55/99     11.4G   0.01701   0.02938  0.003519   0.04991       244       640    0.9238    0.7275    0.8035    0.7125   0.03456    0.1158   0.01608
     56/99     11.4G   0.01744   0.03027  0.003625   0.05133       161       640    0.9008    0.7575    0.8105    0.7135   0.03497      0.12   0.01563
     57/99     11.4G   0.01732   0.03079  0.003543   0.05166       351       640    0.9008    0.7347    0.8046    0.7131   0.03385    0.1186   0.01584
     58/99     11.4G   0.01724   0.02957  0.003478   0.05028       391       640    0.9141    0.7289     0.802    0.7154   0.03409    0.1195   0.01566
     59/99     11.4G   0.01698   0.02867   0.00351   0.04916       382       640    0.9489    0.7136     0.808    0.7197    0.0342    0.1188   0.01579
     60/99     11.4G   0.01699   0.02876  0.003425   0.04918       334       640    0.9253    0.7205    0.8032    0.7156   0.03397    0.1217   0.01572
     61/99     11.4G   0.01688   0.02872  0.003472   0.04907       216       640    0.9117    0.7284    0.8031    0.7149   0.03413     0.123   0.01583
     62/99     11.4G   0.01686   0.02982  0.003427   0.05011       251       640    0.9399    0.7263    0.8151    0.7276   0.03465    0.1221   0.01576
     63/99     11.4G   0.01634   0.02833  0.003303   0.04798       301       640    0.9108    0.7493    0.8149    0.7234   0.03431    0.1232   0.01611
     64/99     11.4G   0.01659   0.02786  0.003251   0.04771       304       640    0.9363     0.731    0.8088    0.7161    0.0345    0.1234   0.01579
     65/99     11.4G    0.0164   0.02779  0.003239   0.04743       130       640    0.9246    0.7367    0.8095    0.7111   0.03433    0.1242   0.01598
     66/99     11.4G   0.01655   0.02823  0.003198   0.04797       223       640     0.925    0.7311    0.8194    0.7156   0.03435    0.1268   0.01581
     67/99      1.6G   0.01634   0.02812  0.003198   0.04766       368       640    0.9213    0.7272    0.8097    0.7169   0.03435    0.1262   0.01605
     68/99     7.95G   0.01626   0.02656  0.003216   0.04603       149       640    0.9433    0.7204    0.8127    0.7136   0.03469    0.1221   0.01634
     69/99     11.2G   0.01642   0.02825  0.003218   0.04789       454       640    0.9067    0.7416    0.8129    0.7098   0.03461    0.1239   0.01583
     70/99     11.2G   0.01613   0.02756  0.003142   0.04683       183       640    0.9418    0.7253    0.8083    0.7155   0.03466     0.125   0.01602
     71/99     11.2G   0.01608   0.02755  0.003052   0.04668       210       640    0.9243    0.7253    0.8055    0.7122   0.03446    0.1255   0.01605
     72/99     11.2G    0.0163   0.02753  0.003224   0.04705       275       640    0.9478    0.7001    0.8043    0.7093   0.03458    0.1265   0.01618
     73/99     11.2G   0.01589    0.0274  0.003078   0.04637       282       640    0.9478    0.7089    0.8023    0.7094   0.03419    0.1259   0.01628
     74/99     11.2G   0.01599   0.02701  0.003033   0.04603       302       640    0.9344     0.718    0.8052     0.706   0.03436    0.1274   0.01605
     75/99     11.2G   0.01561   0.02612  0.002893   0.04462       380       640    0.9495     0.714    0.8004    0.7063   0.03419    0.1318    0.0159
     76/99     11.2G   0.01582   0.02657  0.002981   0.04537       240       640    0.9517     0.705    0.8033    0.7097    0.0344    0.1299   0.01593
     77/99     11.2G   0.01567   0.02686  0.002992   0.04552       350       640    0.9456    0.7137    0.7975    0.7033   0.03357    0.1336   0.01588
     78/99     11.2G   0.01567   0.02674  0.002944   0.04535       266       640    0.9327    0.7124    0.7962    0.7112   0.03372    0.1316   0.01605
     79/99     11.2G   0.01568   0.02719   0.00289   0.04575       256       640    0.9316    0.7218    0.8014    0.7137   0.03418    0.1318    0.0162
     80/99     11.2G   0.01575    0.0268  0.002787   0.04534       198       640    0.9404    0.7271    0.8114    0.7221   0.03416     0.132    0.0161
     81/99     11.2G    0.0153   0.02622  0.002749   0.04427       318       640    0.9156    0.7387    0.8108    0.7147   0.03432    0.1316   0.01614
     82/99     11.2G   0.01538   0.02629  0.002769   0.04444       298       640    0.9252    0.7301    0.8139    0.7238   0.03408    0.1331   0.01619
     83/99     11.2G   0.01572   0.02619  0.002827   0.04474       258       640    0.9467    0.7157    0.8049    0.7162   0.03417    0.1359   0.01621
     84/99     11.2G   0.01542   0.02696  0.002777   0.04516       297       640    0.9345    0.7173    0.8067    0.7198   0.03444    0.1341   0.01632
     85/99     11.2G   0.01528   0.02603  0.002757   0.04407       234       640    0.9367    0.7203    0.8125    0.7181   0.03434    0.1332   0.01663
     86/99     11.2G   0.01532   0.02524  0.002751   0.04331       112       640    0.9286    0.7237    0.8133    0.7188   0.03387     0.133   0.01632
     87/99     11.2G   0.01517   0.02532  0.002681   0.04317       258       640    0.9169    0.7322    0.8114    0.7231   0.03411    0.1344   0.01591
     88/99     11.2G   0.01516   0.02525  0.002616   0.04302       371       640    0.9253    0.7346    0.8088    0.7208   0.03423    0.1339   0.01618
     89/99     2.05G   0.01464   0.02425  0.002409    0.0413       368       640    0.9325    0.7213    0.8077     0.718   0.03436    0.1377   0.01628
     90/99     8.23G   0.01461   0.02273  0.002348   0.03969       149       640    0.9265    0.7298    0.8085    0.7199   0.03454    0.1379   0.01669
     91/99     11.5G   0.01477   0.02436  0.002416   0.04154       454       640    0.9027    0.7287    0.8091    0.7177   0.03453    0.1385   0.01641
     92/99     11.5G   0.01457   0.02371  0.002338   0.04063       183       640    0.9468    0.7032    0.8095    0.7211   0.03472    0.1385    0.0166
     93/99     11.5G    0.0146   0.02379  0.002225   0.04062       210       640    0.9479    0.7156    0.8056    0.7117   0.03462    0.1395   0.01652
     94/99     11.5G   0.01477   0.02383   0.00245   0.04105       275       640    0.9333    0.7243    0.8066    0.7175    0.0348    0.1413   0.01635
     95/99     11.5G   0.01445    0.0239  0.002302   0.04065       282       640    0.9296     0.717    0.8058     0.715    0.0346    0.1403   0.01656
     96/99     11.5G   0.01462   0.02343  0.002298   0.04035       302       640    0.9262     0.728    0.7964    0.7092   0.03473    0.1389   0.01676
     97/99     11.5G   0.01427   0.02285  0.002204   0.03933       380       640    0.9443    0.7186    0.8034    0.7076   0.03474    0.1416   0.01668
     98/99     11.5G   0.01448   0.02322  0.002286   0.03999       240       640    0.9472    0.7127    0.8019    0.7099   0.03506    0.1418   0.01659
     99/99     11.5G   0.01446   0.02373  0.002328   0.04052       350       640    0.9383    0.7098    0.7962    0.7074   0.03478    0.1423   0.01647
